tips
	mean: 7.51655982906
	std: 13.0273560025
photos
	mean: 0.0548467962684
	std: 1.19168542013
mayorships
	mean: 4.68277959332
	std: 9.15382521952
all
	mean: 12.2541862186
	std: 18.5376107938
